$ANSIBLE_VAULT;1.1;AES256
33613039376131616564666130323733643639303865373236633433643564353032303863356264
3464653132623539373231623863346537366361393962360a643165633134626133623932373732
35323736626338356661323362663932363936663761373665343132383232386466303566643661
6635386562653034640a636134316164623138306338343461663738366630643337616463663064
62323066623763363038356331323163333434316632363632356263383339623031343133313036
65646131643638303737383536643239363637623032643832643464343964366531313963383435
37653039316665373964653364353338393763306439303434306338353433376337326531336465
65333662653535623132666434343631303136306166386339376439353130373937336433393766
37623165386236373062633632363063336532373766313535306530653635373263316665626265
34376531663965643633356662333137613339326564653234363032353934333237613530363832
39363963316232343835313930666333613430353065663832626534613836353133326664643736
64663134656130303737633533323762363334303234393834383762663466306265373831363732
35616338313564616435356130373166326665613633313162363165316262393961363938383033
36316438633864613039346666336162336338376466373031626364366531346465376362326633
39643130333732333134396138303964383136346330386666613530346538383838343634323734
65386139646239653364626132306163303064303664326239363533313638376236386234626335
39323365323336363832396663663038313033353538613961613230326166303438353838306236
32373338643965376533396365336130646230646263663334376465343034336262373861323035
63393330323064613430333563373465353763393363633033313366653939626537633636643964
62343264373534346565326633663536353763383432303130663735346536623363633136666130
38376133646139666232623930353634383566316566353535333261393538373364353664393030
66636564303533643537323338313230306631613463613838636565636565616636323836643166
61626435346132333262386235333634623534663664636166653666633266386339376134323437
61663536653234333064326233623334363137393531376135306566306335386534653932663935
64616264633765643165643562346432653636643535303831323439653338306235366665376531
3666383535313535323536323034643637323062386531396565
